Godot Engine v4.7.beta2.mono.official.777579205 - https://godotengine.org
D3D12 12_0 - Forward+ - Using Device #0: NVIDIA - NVIDIA GeForce RTX 4060 Laptop GPU

118 Elements: 1.36 ms
7 Species and 10 Species Phases: 45.24 ms
Formulas: 222.09 ms
3558 Nuclides: 27.33 ms
Thermodynamics:
Mass: 6.41 kg
U: -15.7 MJ
T: 293 K
V: 1 kL
P: 100 kPa
S: 57.6 kJ/K
H = U + PV: -15.6 MJ
G = H - TS: -32.5 MJ
A = U - TS: -32.6 MJ
Resources:
[color=#ff5f5f]CH4[/color]
gas: 200 mol, 3.21 kg, 4.87 kL
[color=#ffffff]O2[/color]
gas: 100 mol, 3.2 kg, 2.44 kL
Now with 67% fewer phases!
Considering 7 gas species
Species 0: C = [C:1]
Species 1: CH4 = [C:1, H:4]
Species 2: CO = [C:1, O:1]
Species 3: CO2 = [C:1, O:2]
Species 4: H2 = [H:2]
Species 5: H2O = [H:2, O:1]
Species 6: O2 = [O:2]
vec_mu = [670328.0054099412, -129235.4455290447, -168479.44036466122, -456180.7393551868, -38310.13630249405, -297180.97780552326, -60140.46194424425]
Selecting j = 3 (CO2) with specificMu = -456180.7393551868 as dominant species.
Selecting j = 5 (H2O) with specificMu = -297180.97780552326 as dominant species.
Selecting j = 1 (CH4) with specificMu = -129235.4455290447 as dominant species.
reactionStep = 0
vec_lambda = [-13.714323593098502, 1.8351166859735883, -94.49752055922472]
vec_x = [3.720075976020836E-44, 1, 5.983895543010574E-11, 1, 8.20370391929623E-06, 1, 3.720075976020836E-44]
vec_n = [3.720075976020836E-50, 1E-06, 5.983895543010573E-17, 1E-06, 8.20370391929623E-12, 1E-06, 3.720075976020836E-50]
vec_p = [0.8, 0.2, 0.2]
vec_F = [-0.7999939999835927, -0.19999799999999995, -0.19999699999999995, 2.0000082037637585]
J = 
[2.0000032814815676E-05, 4E-06, 2E-06, 6.000016407407839]
[4E-06, 2.000000000059839E-06, 2.000000000059839E-06, 2.0000000000598392]
[2E-06, 2.000000000059839E-06, 5.000000000059838E-06, 3.000000000059839]
[6.000016407407839, 2.0000000000598392, 3.000000000059839, 0]
delta_x = [12499.666698091045, 0.5127228523670055, -25000.41024269604, 0.09999956411942833]
damped delta_x = [4.9997846342312995, 0.00020508577554914298, -10, 3.999916927308965E-05]
reactionStep = 1
vec_lambda = [-8.714538958867202, 1.8353217717491375, -104.49752055922472]
vec_x = [3.720075976020836E-44, 484846848.4784157, 2.717241584044954E-15, 2.0615763790769436E-09, 0.18062078794176142, 0.999569361214119, 3.720075976020836E-44]
vec_n = [1.5252002464963246E-48, 19878.318012290616, 1.1140464766013733E-19, 8.452291893517885E-14, 7.405302259063106E-06, 4.0981513440611756E-05, 1.5252002464963246E-48]
vec_p = [0.8, 0.2, 0.2]
vec_F = [79512.47214593609, 19878.118012290615, -0.19995901848639036, 484846848.6586059]
J = 
[318053.0883901971, 79513.27204916246, 8.196302688122351E-05, 1939387396.2740433]
[79513.27204916246, 19878.318012290616, 1.6904594927500536E-13, 484846848.4784157]
[8.196302688122351E-05, 1.6904594927500536E-13, 4.098151377870354E-05, 0.9995693653372745]
[1939387396.2740433, 484846848.4784157, 0.9995693653372745, 0]
delta_x = [-13525.328106826393, 54100.31242732328, 31929.90495068992, 4.1758524616854504E-10]
damped delta_x = [-2.5000462104532035, 10, 5.901981618605916, 7.718721527338984E-14]
reactionStep = 2
vec_lambda = [-11.214585169320404, 11.835321771749138, -98.59553894061881]
vec_x = [3.720075976020836E-44, 484757236.79025614, 2.1891278223547688E-08, 6.074916978163962, 0.0012169008238101873, 2.463192976278894, 3.720075976020836E-44]
vec_n = [1.5252002493677476E-48, 19874.644044935972, 8.975242231812597E-13, 0.00024906654997661643, 4.9891922957885296E-08, 0.00010098886597687088, 1.5252002493677476E-48]
vec_p = [0.8, 0.2, 0.2]
vec_F = [79497.7763818214, 19874.444294002522, -0.19940087803317239, 484757244.329583]
J = 
[317994.3051231306, 79498.57617974389, 0.00020197773195374175, 1939028952.0898442]
[79498.57617974389, 19874.644294002523, 0.0004981331008507571, 484757242.8651731]
[0.00020197773195374175, 0.0004981331008507571, 0.001097255066780861, 14.613026954498096]
[1939028952.0898442, 484757242.8651731, 14.613026954498096, 0]
delta_x = [222.1197264687111, -889.4789134203864, 544.6468605975384, 6.188622230049768E-10]
damped delta_x = [2.497189344428367, -10, 6.123212730284556, 6.957581721923177E-12]
reactionStep = 3
vec_lambda = [-8.717395824892037, 1.835321771749138, -92.47232621033426]
vec_x = [3.720075976020836E-44, 479337815.61191475, 4.5352768365359596E-10, 57.43154883219304, 0.17959171188893688, 165884.9716545412, 3.720075976020836E-44]
vec_n = [1.5252005081950736E-48, 19652.4556132967, 1.8594261462608494E-14, 0.002354646196204472, 7.363112259164666E-06, 6.801147199688659, 1.5252005081950736E-48]
vec_p = [0.8, 0.2, 0.2]
vec_F = [78622.62476231239, 19652.257967942896, 6.605856492081086, 479503757.19470984]
J = 
[314466.4944309984, 78609.8224531868, 13.602294399377318, 1917683032.7501514]
[78609.8224531868, 19652.457967942897, 0.004709292392427539, 479337873.0434636]
[13.602294399377318, 0.004709292392427539, 6.8105657844734955, 165999.83475220605]
[1917683032.7501514, 479337873.0434636, 165999.83475220605, 0]
delta_x = [-2.9001734937745285, 10.600686351171316, 4.815037787792557, 6.255256433618662E-10]
damped delta_x = [-2.7358355843195716, 10, 4.54219437146211, 5.900803237072939E-10]
reactionStep = 4
vec_lambda = [-11.45323140921161, 11.835321771749138, -87.93013183887214]
vec_x = [3.720075976020836E-44, 186617909.78428087, 0.0009379907857183787, 11153091115.049948, 0.0007550395390908585, 65484.783923618925, 3.720075976020836E-44]
vec_n = [1.525222459631435E-48, 7651.290705006394, 3.845740308872108E-08, 457274.1302231594, 3.095644471656603E-08, 2.684860842848971, 1.525222459631435E-48]
vec_p = [0.8, 0.2, 0.2]
vec_F = [30609.732541773184, 464925.22092820425, 914550.7453072001, 11339774508.619846]
J = 
[122431.39072359752, 30605.162820025576, 5.369721685697942, 746602608.7064807]
[30605.162820025576, 464925.42092820426, 914548.2604463572, 11339709024.835167]
[5.369721685697942, 914548.2604463572, 1829099.2057535187, 22306247714.884758]
[746602608.7064807, 11339709024.835167, 22306247714.884758, 0]
delta_x = [-0.24068627816210825, -0.0372359279192514, -0.48138230395535586, 2.6451997798566735E-11]
damped delta_x = [-0.24068627816210825, -0.0372359279192514, -0.48138230395535586, 2.6451997798566735E-11]
reactionStep = 5
vec_lambda = [-11.693917687373718, 11.798085843829886, -88.4115141428275]
vec_x = [3.720075976020836E-44, 68654193.99622911, 0.0005584258781439882, 4102990728.23277, 0.00046656510038252613, 25004.67853763117, 3.720075976020836E-44]
vec_n = [1.5252234436658503E-48, 2814.807731454929, 2.2895345320499167E-08, 168221.76988272322, 1.91290724621414E-08, 1.0251866400781753, 1.5252234436658503E-48]
vec_p = [0.8, 0.2, 0.2]
vec_F = [11260.481299138133, 171036.37761420105, 336444.3649521094, 4171669925.9085617]
J = 
[45041.02444991569, 11259.230925819717, 2.0503732801563506, 274666785.34292483]
[11259.230925819717, 171036.57761420106, 336443.5397654693, 4171644922.2295575]
[2.0503732801563506, 336443.5397654693, 672888.1047175559, 8206006461.144636]
[274666785.34292483, 4171644922.2295575, 8206006461.144636, 0]
delta_x = [-0.22560804302026455, -0.09751629206390258, -0.4512425822347128, 7.190383661474845E-11]
damped delta_x = [-0.22560804302026455, -0.09751629206390258, -0.4512425822347128, 7.190383661474845E-11]
reactionStep = 6
vec_lambda = [-11.919525730393982, 11.700569551765984, -88.86275672506221]
vec_x = [3.720075976020836E-44, 25257768.168546386, 0.0003225838232304161, 1509403737.7354548, 0.00029713348288814184, 10141.179172360668, 3.720075976020836E-44]
vec_n = [1.5252261185432023E-48, 1035.5650786461324, 1.3225893121054855E-08, 61885.349091266915, 1.2182432609332419E-08, 0.41578697441162665, 1.5252261185432023E-48]
vec_p = [0.8, 0.2, 0.2]
vec_F = [4142.291888557717, 62920.71416992628, 123770.91396952147, 1534671646.0837932]
J = 
[16570.704406284494, 4142.26031458453, 0.8315739488232533, 101051355.03312454]
[4142.26031458453, 62920.91416992628, 123770.69818254706, 1534661505.9043238]
[0.8315739488232533, 123770.69818254706, 247541.8121520553, 3018817616.650405]
[101051355.03312454, 1534661505.9043238, 3018817616.650405, 0]
delta_x = [-0.18985623192139164, -0.24043499107447971, -0.3797844840935846, 1.9545480551693524E-10]
damped delta_x = [-0.18985623192139164, -0.24043499107447971, -0.3797844840935846, 1.9545480551693524E-10]
reactionStep = 7
vec_lambda = [-12.109381962315373, 11.460134560691504, -89.2425412091558]
vec_x = [3.720075976020836E-44, 9293115.339028493, 0.00017349409154107136, 555276405.0512631, 0.00020325655754002426, 4745.075448904871, 3.720075976020836E-44]
vec_n = [1.5252333896104663E-48, 381.0182883347664, 7.1132681973238995E-09, 22766.36603408738, 8.333531094946368E-09, 0.1945483790530531, 1.5252333896104663E-48]
vec_p = [0.8, 0.2, 0.2]
vec_F = [1523.6622501138388, 23147.184322429257, 45532.72661656093, 564574264.4661171]
J = 
[6097.070806905808, 1524.0731533390656, 0.3890967581061062, 37181951.50741829]
[1524.0731533390656, 23147.384322429258, 45532.732068181875, 564569520.390465]
[0.3890967581061062, 45532.732068181875, 91065.65868473568, 1110557555.1781487]
[37181951.50741829, 564569520.390465, 1110557555.1781487, 0]
delta_x = [-0.1214515715106858, -0.5138129905890241, -0.2430988858683362, 5.313012602336222E-10]
damped delta_x = [-0.1214515715106858, -0.5138129905890241, -0.2430988858683362, 5.313012602336222E-10]
reactionStep = 8
vec_lambda = [-12.23083353382606, 10.94632157010248, -89.48564009502414]
vec_x = [3.720075976020836E-44, 3420047.921990904, 8.138831137787573E-05, 204272575.12613064, 0.00015942376862268555, 2918.603661420546, 3.720075976020836E-44]
vec_n = [1.5252531544210087E-48, 140.22398776025494, 3.336968907685796E-09, 8375.296407416388, 6.536468812702394E-09, 0.11966447647254878, 1.5252531544210087E-48]
vec_p = [0.8, 0.2, 0.2]
vec_F = [560.3352800070379, 8515.320395179979, 16750.512479312583, 207695540.65202376]
J = 
[2244.062462096115, 560.8959510410198, 0.23932895294509757, 13686028.895605305]
[560.8959510410198, 8515.52039517998, 16750.592814836113, 207692623.04820293]
[0.23932895294509757, 16750.592814836113, 33501.305294145364, 408548068.85600406]
[13686028.895605305, 207692623.04820293, 408548068.85600406, 0]
delta_x = [-0.0409584521480226, -0.8351316986056745, -0.08244877796782613, 1.444224547931355E-09]
damped delta_x = [-0.0409584521480226, -0.8351316986056745, -0.08244877796782613, 1.444224547931355E-09]
reactionStep = 9
vec_lambda = [-12.271791985974081, 10.111189871496805, -89.56808887299196]
vec_x = [3.720075976020836E-44, 1259467.554748369, 3.251336355917495E-05, 75145482.40527643, 0.00014688485257490194, 2476.235891528669, 3.720075976020836E-44]
vec_n = [1.525306880671456E-48, 51.64073367380551, 1.3331140941811873E-09, 3081.117754125729, 6.022577972683197E-09, 0.10153071248707048, 1.525306880671456E-48]
vec_p = [0.8, 0.2, 0.2]
vec_F = [205.96599613224132, 3132.5584878008676, 6162.137038965278, 76407425.19609573]
J = 
[826.6578616549267, 206.56293469522203, 0.20306142497414095, 5042822.691070303]
[206.56293469522203, 3132.7584878008674, 6162.235508252791, 76404949.96005732]
[0.20306142497414095, 6162.235508252791, 12324.572547216736, 150293441.0464769]
[5042822.691070303, 76404949.96005732, 150293441.0464769, 0]
delta_x = [-0.0034319865168690733, -0.9834631161628005, -0.008308201009557037, 3.925783191394519E-09]
damped delta_x = [-0.0034319865168690733, -0.9834631161628005, -0.008308201009557037, 3.925783191394519E-09]
reactionStep = 10
vec_lambda = [-12.27522397249095, 9.127726755334004, -89.57639707400152]
vec_x = [3.720075976020836E-44, 464635.5211763961, 1.2059827335640966E-05, 27642279.922573037, 0.00014588009118019068, 2438.9495820555476, 3.720075976020836E-44]
vec_n = [1.5254529227888296E-48, 19.052826296526014, 4.945248155162704E-10, 1133.4982664934648, 5.981953403692431E-09, 0.10001147268128781, 1.5254529227888296E-48]
vec_p = [0.8, 0.2, 0.2]
vec_F = [75.61132814343054, 1152.3510927904854, 2266.8965444601054, 28109353.393489428]
J = 
[305.2452666590692, 76.21130518610406, 0.20002294536257562, 1863419.9841614556]
[76.21130518610406, 1152.5510927904854, 2266.996532987424, 28106915.443761494]
[0.20002294536257562, 2266.996532987424, 4534.093077447035, 55286998.79474019]
[1863419.9841614556, 28106915.443761494, 55286998.79474019, 0]
delta_x = [0.0008848468330439618, -0.9959267736860828, -0.002144674537829905, 1.06711451301645E-08]
damped delta_x = [0.0008848468330439618, -0.9959267736860828, -0.002144674537829905, 1.06711451301645E-08]
reactionStep = 11
vec_lambda = [-12.274339125657907, 8.131799981647921, -89.57854174853935]
vec_x = [3.720075976020836E-44, 172236.04427797772, 4.4451269372139535E-06, 10166828.970007034, 0.00014613848282315125, 2438.035194064855, 3.720075976020836E-44]
vec_n = [1.5258498974951832E-48, 7.064542557747378, 1.8232413867944612E-10, 417.0090891081683, 5.9941084664169225E-09, 0.09999999394992658, 1.5258498974951832E-48]
vec_p = [0.8, 0.2, 0.2]
vec_F = [27.658170230877584, 423.87363166609805, 833.9181782104689, 10341502.049629662]
J = 
[113.4326809237342, 28.258170230989514, 0.19999998789985315, 693820.2477923175]
[28.258170230989514, 424.07363166609804, 834.018178216519, 10339065.014289457]
[0.19999998789985315, 834.018178216519, 1668.1363564268056, 20336095.975212578]
[693820.2477923175, 10339065.014289457, 20336095.975212578, 0]
delta_x = [0.00246232140904587, -0.9893236492126607, -0.005631805083710861, 2.9005356845051964E-08]
damped delta_x = [0.00246232140904587, -0.9893236492126607, -0.005631805083710861, 2.9005356845051964E-08]
reactionStep = 12
vec_lambda = [-12.27187680424886, 7.14247633243526, -89.58417355362306]
vec_x = [3.720075976020836E-44, 64676.0862131999, 1.6435408537154852E-06, 3737971.5564227626, 0.00014685993764862966, 2436.3117170341256, 3.720075976020836E-44]
vec_n = [1.5269289188069348E-48, 2.6546712225974254, 6.746018293591853E-11, 153.42742739584617, 6.027959838867011E-09, 0.09999996881640968, 1.5269289188069348E-48]
vec_p = [0.8, 0.2, 0.2]
vec_F = [10.01868484007844, 155.88209861851107, 306.7548547605762, 3805082.9545015004]
J = 
[42.87473946093628, 10.618684890389702, 0.19999993763281937, 263576.9685805877]
[10.618684890389702, 156.08209861851105, 306.8548547917598, 3802647.6426376062]
[0.19999993763281937, 306.8548547917598, 613.8097095522685, 7478379.424564203]
[263576.9685805877, 3802647.6426376062, 7478379.424564203, 0]
delta_x = [0.006542212807808728, -0.971585251500251, -0.015004716732306966, 7.883110107949843E-08]
damped delta_x = [0.006542212807808728, -0.971585251500251, -0.015004716732306966, 7.883110107949843E-08]
reactionStep = 13
vec_lambda = [-12.265334591441052, 6.170891080935009, -89.59917827035537]
vec_x = [3.720075976020836E-44, 25127.80803217943, 6.127875381575391E-07, 1372931.7470518984, 0.00014879414196000302, 2431.6377783841217, 3.720075976020836E-44]
vec_n = [1.529861495659826E-48, 1.0333677652433972, 2.5200562184489768E-11, 56.4610892229775, 6.119080094913517E-09, 0.09999981270599816, 1.529861495659826E-48]
vec_p = [0.8, 0.2, 0.2]
vec_F = [3.533470698623745, 57.2944569882461, 112.8221782586862, 1400490.193011869]
J = 
[16.93388351919467, 4.133471060973589, 0.1999996254119963, 105374.50798307425]
[4.133471060973589, 57.4944569882461, 112.9221784459802, 1398059.5550846907]
[0.1999996254119963, 112.9221784459802, 225.9443567046412, 2748295.1318827937]
[105374.50798307425, 1398059.5550846907, 2748295.1318827937, 0]
delta_x = [0.01673229091051659, -0.9269808323819739, -0.038670861294728076, 2.1418119601616269E-07]
damped delta_x = [0.01673229091051659, -0.9269808323819739, -0.038670861294728076, 2.1418119601616269E-07]
reactionStep = 14
vec_lambda = [-12.248602300530536, 5.243910248553036, -89.6378491316501]
vec_x = [3.720075976020836E-44, 10632.586184454673, 2.333096610622091E-07, 502894.8682176461, 0.00015385772856095527, 2419.010890605717, 3.720075976020836E-44]
vec_n = [1.5378291988779773E-48, 0.43953676213706977, 9.644706491870312E-12, 20.788995098380138, 6.360270837994141E-09, 0.0999986452953147, 1.5378291988779773E-48]
vec_p = [0.8, 0.2, 0.2]
vec_F = [1.15814435185945, 21.028531860526854, 41.47798884206523, 515945.46544679755]
J = 
[7.432582800815458, 1.758147048548279, 0.1999972905906294, 47368.36682674558]
[1.758147048548279, 21.228531860526854, 41.57799019676992, 513527.45440233406]
[0.1999972905906294, 41.57799019676992, 83.25597903882552, 1008208.7473261312]
[47368.36682674558, 513527.45440233406, 1008208.7473261312, 0]
delta_x = [0.038845353425518286, -0.8281767633596735, -0.09174092325564315, 5.813755591795882E-07]
damped delta_x = [0.038845353425518286, -0.8281767633596735, -0.09174092325564315, 5.813755591795882E-07]
reactionStep = 15
vec_lambda = [-12.209756947105017, 4.415733485193362, -89.72959005490574]
vec_x = [3.720075976020836E-44, 5425.597893903705, 9.298599607932528E-08, 182860.31015629848, 0.0001662876369773406, 2385.2609165366334, 3.720075976020836E-44]
vec_n = [1.559456811385474E-48, 0.2274412040513504, 3.897975360827808E-12, 7.665508931630025, 6.970782043298149E-09, 0.09999019931854686, 1.559456811385474E-48]
vec_p = [0.8, 0.2, 0.2]
vec_F = [0.3097452287840594, 7.6929501356852725, 15.231008062582495, 190670.16913311946]
J = 
[4.039020089978922, 0.9097648162054016, 0.19998039863709371, 26472.91374126336]
[0.9097648162054016, 7.892950135685273, 15.331017863263947, 188285.90805029517]
[0.19998039863709371, 15.331017863263947, 30.762025925842543, 368105.88122922654]
[26472.91374126336, 188285.90805029517, 368105.88122922654, 0]
delta_x = [0.07226607104250136, -0.6670810646510404, -0.18196204410968958, 1.573169585458358E-06]
damped delta_x = [0.07226607104250136, -0.6670810646510404, -0.18196204410968958, 1.573169585458358E-06]
reactionStep = 16
vec_lambda = [-12.137490876062516, 3.7486524205423217, -89.91155209901544]
vec_x = [3.720075976020836E-44, 3717.722775551349, 3.978165169337395E-08, 65216.81770974143, 0.00019214517072051226, 2297.63105325576, 3.720075976020836E-44]
vec_n = [1.617979915196177E-48, 0.16169564331166167, 1.7302311524846264E-12, 2.8364877993766267, 8.357007465214955E-09, 0.09993131647475889, 1.617979915196177E-48]
vec_p = [0.8, 0.2, 0.2]
vec_F = [0.04664522291017936, 2.7981834426900183, 5.572906915229742, 71231.17173073349]
J = 
[2.9868555923136517, 0.6467825732466467, 0.19986263294951778, 19466.153593007257]
[0.6467825732466467, 2.9981834426900185, 5.6729755987549835, 68934.54048533256]
[0.19986263294951778, 5.6729755987549835, 11.445882513982996, 132731.2664727784]
[19466.153593007257, 68934.54048533256, 132731.2664727784, 0]
delta_x = [0.08972221832636831, -0.5280391554882301, -0.27557622739203885, 4.210969634319555E-06]
damped delta_x = [0.08972221832636831, -0.5280391554882301, -0.27557622739203885, 4.210969634319555E-06]
reactionStep = 17
vec_lambda = [-12.047768657736148, 3.2206132650540917, -90.18712832640747]
vec_x = [3.720075976020836E-44, 3139.1781862737334, 1.781053988414141E-08, 22165.250411296445, 0.00022991176858709237, 2087.040063406494, 3.720075976020836E-44]
vec_n = [1.7746311849200313E-48, 0.14975187443190185, 8.496369349012003E-13, 1.0573747647896938, 1.0967748963858433E-08, 0.09956050372552658, 1.7746311849200313E-48]
vec_p = [0.8, 0.2, 0.2]
vec_F = [-0.001871472885841552, 1.0071266392224454, 2.0143100333057635, 27390.468890906253]
J = 
[2.794272049683532, 0.5990074977276074, 0.19912100745105316, 16730.79333173146]
[0.5990074977276074, 1.2071266392224453, 2.114749529580237, 25304.42859758799]
[0.19912100745105316, 2.114749529580237, 4.329059562885152, 46417.540886017196]
[16730.79333173146, 25304.42859758799, 46417.540886017196, 0]
delta_x = [0.06301188339466982, -0.4799423821158882, -0.3511612127459356, 1.0950573861708826E-05]
damped delta_x = [0.06301188339466982, -0.4799423821158882, -0.3511612127459356, 1.0950573861708826E-05]
reactionStep = 18
vec_lambda = [-11.984756774341477, 2.7406708829382036, -90.53828953915341]
vec_x = [3.720075976020836E-44, 2499.4387158584686, 7.757707113892705E-09, 6795.502240557097, 0.00026079101747827205, 1666.3062970275728, 3.720075976020836E-44]
vec_n = [2.1820008523858783E-48, 0.14660392539410053, 4.550262855969978E-13, 0.3985884099374287, 1.529662905005634E-08, 0.09773676085882596, 2.1820008523858783E-48]
vec_p = [0.8, 0.2, 0.2]
vec_F = [-0.018110746112687925, 0.3451923353319843, 0.6949135807341384, 10960.247514241913]
J = 
[2.7366099109274287, 0.5864157015764021, 0.19547352171765192, 13330.367979071056]
[0.5864157015764021, 0.5451923353319843, 0.7971768198753125, 9294.940956423323]
[0.19547352171765192, 0.7971768198753125, 1.6920904006089958, 15257.310778149526]
[13330.367979071056, 9294.940956423323, 15257.310778149526, 0]
delta_x = [0.0013735652161295173, -0.4488525511255511, -0.44611398313469486, 2.7363797424400182E-05]
damped delta_x = [0.0013735652161295173, -0.4488525511255511, -0.44611398313469486, 2.7363797424400182E-05]
reactionStep = 19
vec_lambda = [-11.983383209125348, 2.2918183318126526, -90.9844035222881]
vec_x = [3.720075976020836E-44, 1604.3326933595645, 3.1699641581871745E-09, 1777.4512225763474, 0.0002615084293797038, 1069.554841473548, 3.720075976020836E-44]
vec_n = [3.199954906497998E-48, 0.1380023501364729, 2.726756772388304E-13, 0.15289375263856683, 2.2494572344171966E-08, 0.09200154203309742, 3.199954906497998E-48]
vec_p = [0.8, 0.2, 0.2]
vec_F = [-0.06398747039876884, 0.0908961027753124, 0.19778904731050373, 4450.3390189210595]
J = 
[2.5760438602942455, 0.5520094005458916, 0.18400308406619484, 8556.440979402214]
[0.5520094005458916, 0.2908961027753124, 0.30578750527740634, 3381.783915939082]
[0.18400308406619484, 0.30578750527740634, 0.7035765525876374, 4624.457286629413]
[8556.440979402214, 3381.783915939082, 4624.457286629413, 0]
delta_x = [-0.07909493682744553, -0.37995686211166596, -0.5381465761058908, 6.737613074770022E-05]
damped delta_x = [-0.07909493682744553, -0.37995686211166596, -0.5381465761058908, 6.737613074770022E-05]
Thermodynamics:
Mass: 6.41 kg
U: -15.7 MJ
T: 298 K
V: 1 kL
P: 744 kPa
S: 57.8 kJ/K
H = U + PV: -15 MJ
G = H - TS: -32.2 MJ
A = U - TS: -32.9 MJ
Resources:
[color=#ff5f5f]CH4[/color]
gas: 200 mol, 3.21 kg, 666 L
[color=#7f7f7f]CO2[/color]
gas: 63.6 mmol, 2.8 g, 212 mL
[color=#7fbfff]H2O[/color]
gas: 81.8 mmol, 1.47 g, 273 mL
[color=#ffffff]O2[/color]
gas: 99.9 mol, 3.2 kg, 333 L

Omitting solver prints after this...

Thermodynamics:
Mass: 6.41 kg
U: -15.7 MJ
T: 305 K
V: 1 kL
P: 761 kPa
S: 58 kJ/K
H = U + PV: -14.9 MJ
G = H - TS: -32.6 MJ
A = U - TS: -33.4 MJ
Resources:
[color=#ff5f5f]CH4[/color]
gas: 200 mol, 3.21 kg, 667 L
[color=#7f7f7f]CO2[/color]
gas: 101 mmol, 4.44 g, 336 mL
[color=#7fbfff]H2O[/color]
gas: 194 mmol, 3.49 g, 646 mL
[color=#ffffff]O2[/color]
gas: 99.8 mol, 3.19 kg, 333 L
Thermodynamics:
Mass: 6.41 kg
U: -15.7 MJ
T: 309 K
V: 1 kL
P: 771 kPa
S: 58.1 kJ/K
H = U + PV: -14.9 MJ
G = H - TS: -32.9 MJ
A = U - TS: -33.7 MJ
Resources:
[color=#ff5f5f]CH4[/color]
gas: 200 mol, 3.21 kg, 666 L
[color=#7f7f7f]CO2[/color]
gas: 150 mmol, 6.59 g, 500 mL
[color=#7fbfff]H2O[/color]
gas: 300 mmol, 5.4 g, 999 mL
[color=#ffffff]O2[/color]
gas: 99.7 mol, 3.19 kg, 332 L

First frame where CO appears...

Thermodynamics:
Mass: 6.41 kg
U: -15.7 MJ
T: 482 K
V: 1 kL
P: 1.2 MPa
S: 63.1 kJ/K
H = U + PV: -14.5 MJ
G = H - TS: -44.9 MJ
A = U - TS: -46.1 MJ
Resources:
[color=#ff5f5f]CH4[/color]
gas: 198 mol, 3.18 kg, 660 L
[color=#6f5f9f]CO[/color]
gas: 1 umol, 28.1 ug, 3.35 uL
[color=#7f7f7f]CO2[/color]
gas: 2.01 mol, 88.5 g, 6.7 L
[color=#bf3f3f]H2[/color]
gas: 4.15 mmol, 8.38 mg, 13.8 mL
[color=#7fbfff]H2O[/color]
gas: 4.02 mol, 72.4 g, 13.4 L
[color=#ffffff]O2[/color]
gas: 96 mol, 3.07 kg, 320 L

The flip...

Thermodynamics:
Mass: 6.41 kg
U: -15.7 MJ
T: 968 K
V: 1 kL
P: 2.44 MPa
S: 73.8 kJ/K
H = U + PV: -13.3 MJ
G = H - TS: -84.7 MJ
A = U - TS: -87.2 MJ
Resources:
[color=#ff5f5f]CH4[/color]
gas: 188 mol, 3.02 kg, 621 L
[color=#6f5f9f]CO[/color]
gas: 1.21 mol, 33.8 g, 3.99 L
[color=#7f7f7f]CO2[/color]
gas: 10.5 mol, 461 g, 34.5 L
[color=#bf3f3f]H2[/color]
gas: 4.99 mol, 10.1 g, 16.5 L
[color=#7fbfff]H2O[/color]
gas: 18.4 mol, 331 g, 60.6 L
[color=#ffffff]O2[/color]
gas: 79.7 mol, 2.55 kg, 263 L

Thermodynamics:
Mass: 6.41 kg
U: -15.7 MJ
T: 1197 K
V: 1 kL
P: 3.25 MPa
S: 80.8 kJ/K
H = U + PV: -12.5 MJ
G = H - TS: -109 MJ
A = U - TS: -112 MJ
Resources:
[color=#ff5f5f]CH4[/color]
gas: 169 mol, 2.71 kg, 518 L
[color=#6f5f9f]CO[/color]
gas: 16.7 mol, 467 g, 51.2 L
[color=#7f7f7f]CO2[/color]
gas: 14.3 mol, 630 g, 43.9 L
[color=#bf3f3f]H2[/color]
gas: 35.7 mol, 71.9 g, 109 L
[color=#7fbfff]H2O[/color]
gas: 26.3 mol, 474 g, 80.8 L
[color=#ffffff]O2[/color]
gas: 64.2 mol, 2.05 kg, 197 L

Thermodynamics:
Mass: 6.41 kg
U: -15.7 MJ
T: 1379 K
V: 1 kL
P: 5.24 MPa
S: 101 kJ/K
H = U + PV: -10.5 MJ
G = H - TS: -150 MJ
A = U - TS: -155 MJ
Resources:
[color=#ff5f5f]CH4[/color]
gas: 82.3 mol, 1.32 kg, 180 L
[color=#6f5f9f]CO[/color]
gas: 107 mol, 3.01 kg, 235 L
[color=#7f7f7f]CO2[/color]
gas: 10.5 mol, 460 g, 22.9 L
[color=#bf3f3f]H2[/color]
gas: 206 mol, 416 g, 452 L
[color=#7fbfff]H2O[/color]
gas: 29.1 mol, 524 g, 63.7 L
[color=#ffffff]O2[/color]
gas: 21.3 mol, 683 g, 46.7 L

Skipping ahead hundreds of steps...

Thermodynamics:
Mass: 6.41 kg
U: -15.7 MJ
T: 1406 K
V: 1 kL
P: 6.19 MPa
S: 111 kJ/K
H = U + PV: -9.51 MJ
G = H - TS: -165 MJ
A = U - TS: -172 MJ
Resources:
[color=#ff5f5f]CH4[/color]
gas: 35.8 mol, 575 g, 67.7 L
[color=#6f5f9f]CO[/color]
gas: 157 mol, 4.41 kg, 298 L
[color=#7f7f7f]CO2[/color]
gas: 6.68 mol, 294 g, 12.6 L
[color=#bf3f3f]H2[/color]
gas: 301 mol, 607 g, 569 L
[color=#7fbfff]H2O[/color]
gas: 27.3 mol, 492 g, 51.6 L
[color=#ffffff]O2[/color]
gas: 931 mmol, 29.8 g, 1.76 L
