Godot Engine v4.7.beta2.mono.official.777579205 - https://godotengine.org
D3D12 12_0 - Forward+ - Using Device #0: NVIDIA - NVIDIA GeForce RTX 4060 Laptop GPU

118 Elements: 1.36 ms
7 Species and 10 Species Phases: 40.63 ms
Formulas: 10.03 ms
3558 Nuclides: 14.23 ms
Thermodynamics:
Mass: 6.41 kg
U: -15.7 MJ
T: 293 K
V: 1 kL
P: 100 kPa
S: 57.6 kJ/K
H = U + PV: -15.6 MJ
G = H - TS: -32.5 MJ
A = U - TS: -32.6 MJ
Resources:
[color=#ff5f5f]CH4[/color]
gas: 200 mol, 3.21 kg, 4.87 kL
[color=#ffffff]O2[/color]
gas: 100 mol, 3.2 kg, 2.44 kL
Now with 67% fewer phases!
Considering 7 gas species
Species 0: C = [C:1]
Species 1: CH4 = [C:1, H:4]
Species 2: CO = [C:1, O:1]
Species 3: CO2 = [C:1, O:2]
Species 4: H2 = [H:2]
Species 5: H2O = [H:2, O:1]
Species 6: O2 = [O:2]
vec_mu = [675177.2747184654, -124386.17622052049, -163630.171056137, -451331.4700466626, -33460.86699396984, -292331.70849699905, -55291.192635720035]
Selecting j = 3 (CO2) with specificMu = -451331.4700466626 as dominant species.
Selecting j = 5 (H2O) with specificMu = -292331.70849699905 as dominant species.
Selecting j = 1 (CH4) with specificMu = -124386.17622052049 as dominant species.
reactionStep = 0
vec_lambda = [-13.216939114186156, 1.8351166859735883, -93.50275160140004]
vec_x = [3.720075976020836E-44, 1, 2.2128976855905008E-11, 1, 3.0338025264302543E-06, 1.0000000000000142, 3.720075976020836E-44]
vec_n = [3.720075976020836E-50, 1E-06, 2.2128976855905006E-17, 1E-06, 3.0338025264302544E-12, 1.0000000000000141E-06, 3.720075976020836E-50]
vec_p = [0.8, 0.2, 0.2]
vec_F = [-0.7999939999939324, -0.19999799999999998, -0.19999699999999998, 2.0000030338246697]
J = 
[2.0000012135210163E-05, 4E-06, 2.0000000000000283E-06, 6.0000060676050815]
[4E-06, 2.000000000022129E-06, 2.000000000022129E-06, 2.000000000022129]
[2.0000000000000283E-06, 2.000000000022129E-06, 5.000000000022143E-06, 3.000000000022143]
[6.0000060676050815, 2.000000000022129, 3.000000000022143, 0]
delta_x = [12499.771710088873, 0.18960834309564234, -25000.36177445934, 0.09999962875014495]
damped delta_x = [4.999836331512125, 7.584223972684605E-05, -10, 3.999927267144819E-05]
reactionStep = 1
vec_lambda = [-8.217102782674031, 1.8351925282133152, -103.50275160140004]
vec_x = [3.720075976020836E-44, 484884447.6699241, 1.0047301930723474E-15, 2.0613099508738023E-09, 0.06680207720739229, 0.9996727165931589, 3.720075976020836E-44]
vec_n = [1.52520409299382E-48, 19879.90968416377, 4.119320714700996E-20, 8.451220873624449E-14, 2.7388365784450106E-06, 4.0985854289810274E-05, 1.52520409299382E-48]
vec_p = [0.8, 0.2, 0.2]
vec_F = [79518.83882410446, 19879.70968416377, -0.19995901414554118, 484884447.7363989]
J = 
[318078.555121519, 79519.63873665508, 8.197170857962055E-05, 1939537792.812646]
[79519.63873665508, 19879.90968416377, 1.6902445866569613E-13, 484884447.6699241]
[8.197170857962055E-05, 1.6902445866569613E-13, 4.098585462785915E-05, 0.9996727207157798]
[1939537792.812646, 484884447.6699241, 0.9996727207157798, 0]
delta_x = [-34575.9045306412, 138302.61812203328, 74030.54002531982, 4.2977411047409067E-10]
damped delta_x = [-2.500018076312385, 10, 5.3527938249150075, 3.1074907786262833E-14]
reactionStep = 2
vec_lambda = [-10.717120858986416, 11.835192528213316, -98.14995777648502]
vec_x = [3.720075976020836E-44, 484849389.2464071, 4.673939573504289E-09, 2.0251899367173842, 0.0004500925833298061, 1.4225205528497433, 3.720075976020836E-44]
vec_n = [1.5252040941498303E-48, 19878.472329365213, 1.9162812316921685E-13, 8.303131448988154E-05, 1.8453468565321823E-08, 5.832230807123055E-05, 1.5252040941498303E-48]
vec_p = [0.8, 0.2, 0.2]
vec_F = [79513.08943414237, 19878.272412396527, -0.1997756150627574, 484849391.6945677]
J = 
[318055.5575032064, 79513.88931746085, 0.0001166446161424611, 1939397559.8315697]
[79513.88931746085, 19878.472412396528, 0.0001660626291713912, 484849391.271597]
[0.0001166446161424611, 0.0001660626291713912, 0.0003904475662223848, 5.472900430958451]
[1939397559.8315697, 484849391.271597, 5.472900430958451, 0]
delta_x = [353.4463702897092, -1414.7854887048634, 1007.7947096748679, 6.191448391248242E-10]
damped delta_x = [2.4982329343317233, -10, 7.1233039759082715, 4.376245332369134E-12]
reactionStep = 3
vec_lambda = [-8.218887924654693, 1.835192528213316, -91.02665380057675]
vec_x = [3.720075976020836E-44, 481434429.540128, 2.632387888662304E-10, 141.49599939918122, 0.06656400007693179, 260980.2935687318, 3.720075976020836E-44]
vec_n = [1.5252042569494815E-48, 19738.463571974524, 1.0792600042606003E-14, 0.005801233684904282, 2.7290758826252897E-06, 10.700003368122761, 1.5252042569494815E-48]
vec_p = [0.8, 0.2, 0.2]
vec_F = [78974.45430009249, 19738.269373208208, 10.511605835492581, 481695550.39626014]
J = 
[315858.2171759812, 78953.8542878981, 21.400006736245523, 1926259678.8807774]
[78953.8542878981, 19738.46937320821, 0.011602467369819357, 481434571.0361274]
[21.400006736245523, 0.011602467369819357, 10.723208302862389, 261263.28556753043]
[1926259678.8807774, 481434571.0361274, 261263.28556753043, 0]
delta_x = [-1.324998008880269, 4.299984446629072, 1.6593268406964832, 6.227106991641358E-10]
damped delta_x = [-1.324998008880269, 4.299984446629072, 1.6593268406964832, 6.227106991641358E-10]
reactionStep = 4
vec_lambda = [-9.543885933534963, 6.135176974842388, -89.36732695988027]
vec_x = [3.720075976020836E-44, 177108484.83764946, 1.0196377172717676E-07, 288055.823493066, 0.004702846079411704, 96909.32270744328, 3.720075976020836E-44]
vec_n = [1.5252274222606013E-48, 7261.430130208069, 4.180504422970396E-12, 11.810259896988272, 1.9281621798117043E-07, 3.973272519670351, 1.5252274222606013E-48]
vec_p = [0.8, 0.2, 0.2]
vec_F = [29052.86706625725, 7273.040390105062, 27.39379231365108, 177493448.9885529]
J = 
[116198.77517417906, 29045.720520832278, 7.946545039340702, 708627758.0054184]
[29045.720520832278, 7273.240390105062, 23.620519793980726, 177396540.66114262]
[7.946545039340702, 23.620519793980726, 51.21431210762762, 673020.9696936773]
[708627758.0054184, 177396540.66114262, 673020.9696936773, 0]
delta_x = [-0.24424488474605244, -0.023041022872828415, -0.48638329334807306, 1.6899725224347199E-09]
damped delta_x = [-0.24424488474605244, -0.023041022872828415, -0.48638329334807306, 1.6899725224347199E-09]
reactionStep = 5
vec_lambda = [-9.788130818281015, 6.1121359519695595, -89.85371025322834]
vec_x = [3.720075976020836E-44, 65153230.743606284, 6.126405269270308E-08, 106415.01478556098, 0.002885442029719638, 36558.09580056296, 3.720075976020836E-44]
vec_n = [1.52529029052241E-48, 2671.3860386176216, 2.511923555663153E-12, 4.363184780753675, 1.1830771038456845E-07, 1.498940046494213, 1.52529029052241E-48]
vec_p = [0.8, 0.2, 0.2]
vec_F = [10687.74203480009, 2675.549223398378, 10.025309608004076, 65296202.857077904]
J = 
[42748.17237854115, 10685.544154470486, 2.997880092988426, 260686039.17179716]
[10685.544154470486, 2675.749223398378, 8.726369561509863, 65259645.7583919]
[2.997880092988426, 8.726369561509863, 18.951679169511426, 249388.1253717462]
[260686039.17179716, 65259645.7583919, 249388.1253717462, 0]
delta_x = [-0.23477498454337214, -0.06095595126017633, -0.4638482829483482, 4.59382025246744E-09]
damped delta_x = [-0.23477498454337214, -0.06095595126017633, -0.4638482829483482, 4.59382025246744E-09]
reactionStep = 6
vec_lambda = [-10.022905802824388, 6.051180000709383, -90.31755853617669]
vec_x = [3.720075976020836E-44, 23967194.566108003, 3.6248174471237745E-08, 39594.6562590035, 0.001804219585485853, 14375.198696667423, 3.720075976020836E-44]
vec_n = [1.5254611841260034E-48, 982.8031803291497, 1.486399296888731E-12, 1.6236257434324848, 7.398415954511036E-08, 0.5894720367867574, 1.5254611841260034E-48]
vec_p = [0.8, 0.2, 0.2]
vec_F = [3931.59166553814, 984.2268060725836, 3.636723523653213, 24021163.422867935]
J = 
[15727.208773709479, 3931.2127213165986, 1.1789440735735148, 95897528.66543378]
[3931.2127213165986, 984.4268060725836, 3.247251486866456, 24006789.222367045]
[1.1789440735735148, 3.247251486866456, 7.083975010518183, 93564.51121471068]
[95897528.66543378, 24006789.222367045, 93564.51121471068, 0]
delta_x = [-0.21149563857361078, -0.15416934294422097, -0.4076699491391802, 1.2487280415135562E-08]
damped delta_x = [-0.21149563857361078, -0.15416934294422097, -0.4076699491391802, 1.2487280415135562E-08]
reactionStep = 7
vec_lambda = [-10.234401441398, 5.897010657765162, -90.72522848531587]
vec_x = [3.720075976020836E-44, 8815698.961391442, 2.066723773915738E-08, 15017.030518774043, 0.0011819160095280046, 6264.151740910318, 3.720075976020836E-44]
vec_n = [1.5259257204447854E-48, 361.6082541215883, 8.477426224627931E-13, 0.6159786321840773, 4.848062378213494E-08, 0.25694717849414417, 1.5259257204447854E-48]
vec_p = [0.8, 0.2, 0.2]
vec_F = [1446.1469109403026, 362.0242327537732, 1.2889044428631466, 8836979.144833062]
J = 
[5786.7598548533115, 1446.4330164863532, 0.5138943569882883, 35275324.151411414]
[1446.4330164863532, 362.2242327537732, 1.2319572643690024, 8830715.991910236]
[0.5138943569882883, 1.2319572643690024, 2.7208617072313013, 36298.21277847907]
[35275324.151411414, 8830715.991910236, 36298.21277847907, 0]
delta_x = [-0.16300523848298076, -0.3483917486105275, -0.2856320537463476, 3.3943608839961635E-08]
damped delta_x = [-0.16300523848298076, -0.3483917486105275, -0.2856320537463476, 3.3943608839961635E-08]
reactionStep = 8
vec_lambda = [-10.39740667988098, 5.5486189091546345, -91.01086053906222]
vec_x = [3.720075976020836E-44, 3241776.242042046, 1.0962999555842856E-08, 5986.632510846783, 0.000853104168795747, 3398.0463106935586, 3.720075976020836E-44]
vec_n = [1.527188448482635E-48, 133.0833902674124, 4.500597942172161E-13, 0.2457669164503266, 3.502215654559921E-08, 0.1394986851491974, 1.527188448482635E-48]
vec_p = [0.8, 0.2, 0.2]
vec_F = [531.8125585099923, 133.12915718386319, 0.4310325180503007, 3251159.9217167017]
J = 
[2129.8922391592837, 532.3335610696496, 0.2789973702983948, 12973901.062495781]
[532.3335610696496, 133.32915718386317, 0.4915338329011033, 3247762.874552904]
[0.2789973702983948, 0.4915338329011033, 1.122566350950954, 15371.311332398087]
[12973901.062495781, 3247762.874552904, 15371.311332398087, 0]
delta_x = [-0.09663843336394386, -0.6145665650129359, -0.09211801109005535, 9.226210843400104E-08]
damped delta_x = [-0.09663843336394386, -0.6145665650129359, -0.09211801109005535, 9.226210843400104E-08]
reactionStep = 9
vec_lambda = [-10.494045113244924, 4.934052344141699, -91.10297855015227]
vec_x = [3.720075976020836E-44, 1191247.531711693, 5.4077945611994715E-09, 2693.1903152500213, 0.0007031742967148882, 2554.3703990937747, 3.720075976020836E-44]
vec_n = [1.530620669013459E-48, 49.01373266842576, 2.225030397901776E-13, 0.1108109831272292, 2.8932019652514276E-08, 0.10509925481014398, 1.530620669013459E-48]
vec_p = [0.8, 0.2, 0.2]
vec_F = [195.46512924118736, 48.92454365155321, 0.12672122106482492, 1196494.0931292165]
J = 
[784.6401198297808, 196.05493067370304, 0.21019850962028797, 4770098.869051307]
[196.05493067370304, 49.12454365155321, 0.22162196625468092, 1193940.7220269484]
[0.21019850962028797, 0.22162196625468092, 0.5483431873192832, 7940.751029599225]
[4770098.869051307, 1193940.7220269484, 7940.751029599225, 0]
delta_x = [-0.06967272266679306, -0.7243417965610884, 0.08473380481432768, 2.5069795060981874E-07]
damped delta_x = [-0.06967272266679306, -0.7243417965610884, 0.08473380481432768, 2.5069795060981874E-07]
reactionStep = 10
vec_lambda = [-10.563717835911717, 4.2097105475806105, -91.01824474533794]
vec_x = [3.720075976020836E-44, 436908.458363314, 2.8526071292875204E-09, 1546.2803841489404, 0.0006117106328064311, 2418.612753939803, 3.720075976020836E-44]
vec_n = [1.539946823246471E-48, 18.086076651202514, 1.1808531102677532E-13, 0.06400916488715166, 2.532211309146327E-08, 0.10011986451623314, 1.539946823246471E-48]
vec_p = [0.8, 0.2, 0.2]
vec_F = [71.74454638448675, 17.950085816089786, 0.028138194290654533, 440872.35211311624]
J = 
[289.7777059785936, 72.34430660481006, 0.20023972903246628, 1752471.0601845568]
[72.34430660481006, 18.150085816089785, 0.1280183297744214, 438454.7387474658]
[0.20023972903246628, 0.1280183297744214, 0.3561565240649579, 5511.173522240537]
[1752471.0601845568, 438454.7387474658, 5511.173522240537, 0]
delta_x = [-0.10101387253292102, -0.6040867406842242, 0.18439452893437208, 6.803736566979933E-07]
damped delta_x = [-0.10101387253292102, -0.6040867406842242, 0.18439452893437208, 6.803736566979933E-07]
reactionStep = 11
vec_lambda = [-10.664731708444638, 3.605623806896386, -90.83385021640356]
vec_x = [3.720075976020836E-44, 159426.25511099893, 1.8748734176909622E-09, 1222.0803505886288, 0.0004998117879311299, 2376.33864213924, 3.720075976020836E-44]
vec_n = [1.5652572401964675E-48, 6.708010849736002, 7.888707678039739E-14, 0.05142018951201051, 2.103005489236171E-08, 0.09998670158198551, 1.5652572401964675E-48]
vec_p = [0.8, 0.2, 0.2]
vec_F = [26.232016844168086, 6.559431039248092, 0.002827080606085386, 163023.67460354045]
J = 
[107.7281204862242, 26.83204339894401, 0.19997340316397103, 642457.6987278977]
[26.83204339894401, 6.759431039248092, 0.1028403790240999, 160648.33546158942]
[0.19997340316397103, 0.1028403790240999, 0.30566745963010644, 4820.499343318373]
[642457.6987278977, 160648.33546158942, 4820.499343318373, 0]
delta_x = [-0.1296515420732816, -0.5027618665279862, 0.21570664584931176, 1.839954184931309E-06]
damped delta_x = [-0.1296515420732816, -0.5027618665279862, 0.21570664584931176, 1.839954184931309E-06]
reactionStep = 12
vec_lambda = [-10.79438325051792, 3.1028619403684, -90.61814357055425]
vec_x = [3.720075976020836E-44, 57409.70869700677, 1.407036790390117E-09, 1137.9245546943007, 0.00038564934319716384, 2274.964571239544, 3.720075976020836E-44]
vec_n = [1.633704933799887E-48, 2.5211991623525094, 6.179129032082481E-14, 0.04997298365085075, 1.6936138905738407E-08, 0.09990712201070302, 1.633704933799887E-48]
vec_p = [0.8, 0.2, 0.2]
vec_F = [9.48461092730372, 2.371172146003422, -0.00014691068753369674, 60821.59820859136]
J = 
[40.738815153427524, 10.084796649410038, 0.19981424402140605, 234188.76470180484]
[10.084796649410038, 2.571172146003422, 0.09994596730176329, 58547.63325170247]
[0.19981424402140605, 0.09994596730176329, 0.2997990566141678, 4550.813680629552]
[234188.76470180484, 58547.63325170247, 4550.813680629552, 0]
delta_x = [-0.14547268344922748, -0.4709114810162558, 0.1795772290731698, 4.931655336852853E-06]
damped delta_x = [-0.14547268344922748, -0.4709114810162558, 0.1795772290731698, 4.931655336852853E-06]
reactionStep = 13
vec_lambda = [-10.939855933967147, 2.631950459352144, -90.43856634148108]
vec_x = [3.720075976020836E-44, 20033.607038604474, 1.0514305589157827E-09, 1017.6021376039532, 0.0002882946802595611, 2035.2045735293455, 3.720075976020836E-44]
vec_n = [1.8171662592063E-48, 0.9785927759381329, 5.1359814903669604E-14, 0.04970737914143485, 1.408249103118341E-08, 0.09941477285514341, 1.8171662592063E-48]
vec_p = [0.8, 0.2, 0.2]
vec_F = [3.3132006776278002, 0.8283001550796192, -0.0011704688619355308, 23085.414038033505]
J = 
[16.055143562760666, 3.9143711037525315, 0.19882954571028683, 84204.83787806594]
[3.9143711037525315, 1.0283001550796191, 0.09941475828292107, 21051.20917620948]
[0.19882954571028683, 0.09941475828292107, 0.29824428942093417, 4070.4088487383033]
[84204.83787806594, 21051.20917620948, 4070.4088487383033, 0]
delta_x = [-0.17159937822218213, -0.42630252711130545, 0.08310404882642476, 1.299254004737393E-05]
damped delta_x = [-0.17159937822218213, -0.42630252711130545, 0.08310404882642476, 1.299254004737393E-05]
reactionStep = 14
vec_lambda = [-11.11145531218933, 2.2056479322408387, -90.35546229265465]
vec_x = [3.720075976020836E-44, 6584.452414677056, 7.459872244493543E-10, 784.549653819708, 0.0002045442627708947, 1569.099101179026, 3.720075976020836E-44]
vec_n = [2.3004986201835438E-48, 0.4071831809959768, 4.613192288497172E-14, 0.04851662728695857, 1.2649037205262387E-08, 0.09703324180638644, 2.3004986201835438E-48]
vec_p = [0.8, 0.2, 0.2]
vec_F = [1.0227992328947542, 0.25569980828298144, -0.00593350361965031, 8937.101374220798]
J = 
[6.903063913757323, 1.6287327239839071, 0.19406648361277287, 29476.008270154805]
[1.6287327239839071, 0.45569980828298146, 0.09703325457396327, 7369.00206849751]
[0.19406648361277287, 0.09703325457396327, 0.2910997509542668, 3138.1984088191884]
[29476.008270154805, 7369.00206849751, 3138.1984088191884, 0]
delta_x = [-0.21079150948651298, -0.3310950078849426, -0.09048800055042708, 3.3557257233356866E-05]
damped delta_x = [-0.21079150948651298, -0.3310950078849426, -0.09048800055042708, 3.3557257233356866E-05]
reactionStep = 15
vec_lambda = [-11.322246821675844, 1.874552924355896, -90.44595029320507]
vec_x = [3.720075976020836E-44, 2034.9070240868868, 4.893732379956037E-10, 470.1439172617561, 0.00013418257558592788, 940.2877008930224, 3.720075976020836E-44]
vec_n = [3.5488540847331665E-48, 0.1941247477479614, 4.668491250755216E-14, 0.044850486171293454, 1.280066279661031E-08, 0.08970095959459164, 3.5488540847331665E-48]
vec_p = [0.8, 0.2, 0.2]
vec_F = [0.15590093578235442, 0.03897523391930152, -0.020598068062774783, 3444.33877642473]
J = 
[3.4647998535484, 0.7764989909918456, 0.17940191918918327, 10020.203766498744]
[0.7764989909918456, 0.23897523391930153, 0.08970097234263359, 2505.0509413491322]
[0.17940191918918327, 0.08970097234263359, 0.26910290427981215, 1880.575535417024]
[10020.203766498744, 2505.0509413491322, 1880.575535417024, 0]
delta_x = [-0.24217628398315968, -0.17105807202236029, -0.3132944505865706, 8.704647967801573E-05]
damped delta_x = [-0.24217628398315968, -0.17105807202236029, -0.3132944505865706, 8.704647967801573E-05]
reactionStep = 16
vec_lambda = [-11.564423105659003, 1.7034948523335358, -90.75924474379164]
vec_x = [3.720075976020836E-44, 650.9560969077189, 3.015008826252288E-10, 211.74693982055103, 8.266934110005662E-05, 423.4938002470304, 3.720075976020836E-44]
vec_n = [6.787049263206888E-48, 0.11876292652020878, 5.500697718186399E-14, 0.038631923680026874, 1.508251159975222E-08, 0.07726383287509486, 6.787049263206888E-48]
vec_p = [0.8, 0.2, 0.2]
vec_F = [-0.17042059800395193, -0.042605149799709335, -0.045472319764796376, 1285.196919644943]
J = 
[2.2092622161537663, 0.47505170608083513, 0.15452766575018972, 3450.8121534636184]
[0.47505170608083513, 0.15739485020029068, 0.07726384736010876, 862.7030367285714]
[0.15452766575018972, 0.07726384736010876, 0.23179152759525737, 846.987679888434]
[3450.8121534636184, 862.7030367285714, 846.987679888434, 0]
delta_x = [-0.2497579314721482, -0.015622995975056009, -0.48389276250207985, 0.0002331039399920888]
damped delta_x = [-0.2497579314721482, -0.015622995975056009, -0.48389276250207985, 0.0002331039399920888]
reactionStep = 17
vec_lambda = [-11.814181037131151, 1.6878718563584798, -91.24313750629372]
vec_x = [3.720075976020836E-44, 235.9895391965607, 1.829581037059338E-10, 79.20055929472358, 5.016577122600852E-05, 158.4010723456542, 3.720075976020836E-44]
vec_n = [1.545869293401061E-47, 0.09806492785613635, 7.602783285098848E-14, 0.032911616166738586, 2.084627459706342E-08, 0.06582321311697191, 1.545869293401061E-47]
vec_p = [0.8, 0.2, 0.2]
vec_F = [-0.2760938206489616, -0.06902345597704906, -0.0683535545494749, 472.5912210028926]
J = 
[1.8323317815511677, 0.3922597114245454, 0.13164642623394382, 1260.7604018090938]
[0.3922597114245454, 0.13097654402295095, 0.0658232323335532, 315.1900984914672]
[0.13164642623394382, 0.0658232323335532, 0.19746967778400226, 316.80219093528433]
[1260.7604018090938, 315.1900984914672, 316.80219093528433, 0]
delta_x = [-0.24946774883338996, 0.005189183757467547, -0.5041244841565161, 0.0006325802929382329]
damped delta_x = [-0.24946774883338996, 0.005189183757467547, -0.5041244841565161, 0.0006325802929382329]
reactionStep = 18
vec_lambda = [-12.06364878596454, 1.6930610401159474, -91.74726199045024]
vec_x = [3.720075976020836E-44, 87.45336387828665, 1.11087911654272E-10, 29.047243075041834, 3.0459485258137425E-05, 58.09445772975431, 3.720075976020836E-44]
vec_n = [3.8991160440648044E-47, 0.09166232528670135, 1.1643435817569964E-13, 0.030445230753295652, 3.1925441423644145E-08, 0.060890431718446415, 3.8991160440648044E-47]
vec_p = [0.8, 0.2, 0.2]
vec_F = [-0.311569771565419, -0.07789244395988658, -0.07821910677484586, 173.59509514267916]
J = 
[1.7101590591627729, 0.3666493011468054, 0.12178086343689283, 466.00243189162575]
[0.3666493011468054, 0.12210755604011343, 0.06089046150670774, 116.50060695343957]
[0.12178086343689283, 0.06089046150670774, 0.18267135473174545, 116.18894387994906]
[466.00243189162575, 116.50060695343957, 116.18894387994906, 0]
delta_x = [-0.24856688409570296, -0.0029261616935013224, -0.49420728974308437, 0.0017122583300096575]
damped delta_x = [-0.24856688409570296, -0.0029261616935013224, -0.49420728974308437, 0.0017122583300096575]
reactionStep = 19
vec_lambda = [-12.312215670060244, 1.6901348784224461, -92.24146928019333]
vec_x = [3.720075976020836E-44, 32.262706606736124, 6.757164438548415E-11, 10.778817168829246, 1.8527640167450666E-05, 21.557616962995233, 3.720075976020836E-44]
vec_n = [1.0268847122275289E-46, 0.08905753646724407, 1.865238480256785E-13, 0.02975370029513712, 5.114344589800178E-08, 0.05950735262949012, 1.0268847122275289E-46]
vec_p = [0.8, 0.2, 0.2]
vec_F = [-0.32475504658515175, -0.08118876323743231, -0.08098524678004912, 63.599159266268344]
J = 
[1.6629501985676494, 0.3562301458689763, 0.11901470525898024, 172.1660974082153]
[0.3562301458689763, 0.1188112367625677, 0.059507400590460766, 43.04152377563294]
[0.11901470525898024, 0.059507400590460766, 0.17852215381022513, 43.1152513007213]
[172.1660974082153, 43.04152377563294, 43.1152513007213, 0]
delta_x = [-0.24612955379222673, 0.0019204615660932678, -0.4941790545666142, 0.00460129315285327]
damped delta_x = [-0.24612955379222673, 0.0019204615660932678, -0.4941790545666142, 0.00460129315285327]
Species H2O: mus = [-313663.75384044135, -305970.0092538767, -306493.5639412822], n = [0.05917973409500289, 0, 0]
Liquid <-> Gas: P_sat = 2692.391661042696
Solid <-> Gas: P_sat = 3331.959957464536
Thermodynamics:
Mass: 6.41 kg
U: -15.7 MJ
T: 295 K
V: 1 kL
P: 737 kPa
S: 57.7 kJ/K
H = U + PV: -15 MJ
G = H - TS: -32 MJ
A = U - TS: -32.7 MJ
Resources:
[color=#ff5f5f]CH4[/color]
gas: 200 mol, 3.21 kg, 667 L
[color=#7f7f7f]CO2[/color]
gas: 29.6 mmol, 1.3 g, 98.7 mL
[color=#7fbfff]H2O[/color]
gas: 59.2 mmol, 1.07 g, 197 mL
[color=#ffffff]O2[/color]
gas: 99.9 mol, 3.2 kg, 333 L

Omitting solver prints after this...

Thermodynamics:
Mass: 6.41 kg
U: -15.7 MJ
T: 304 K
V: 1 kL
P: 758 kPa
S: 58 kJ/K
H = U + PV: -14.9 MJ
G = H - TS: -32.6 MJ
A = U - TS: -33.3 MJ
Resources:
[color=#ff5f5f]CH4[/color]
gas: 200 mol, 3.21 kg, 666 L
[color=#7f7f7f]CO2[/color]
gas: 100 mmol, 4.4 g, 333 mL
[color=#bf3f3f]H2[/color]
gas: 1.11 umol, 2.23 ug, 3.69 uL
[color=#7fbfff]H2O[/color]
gas: 200 mmol, 3.6 g, 666 mL
[color=#ffffff]O2[/color]
gas: 99.8 mol, 3.19 kg, 333 L
Thermodynamics:
Mass: 6.41 kg
U: -15.7 MJ
T: 309 K
V: 1 kL
P: 771 kPa
S: 58.1 kJ/K
H = U + PV: -14.9 MJ
G = H - TS: -32.9 MJ
A = U - TS: -33.7 MJ
Resources:
[color=#ff5f5f]CH4[/color]
gas: 200 mol, 3.21 kg, 666 L
[color=#7f7f7f]CO2[/color]
gas: 150 mmol, 6.59 g, 500 mL
[color=#bf3f3f]H2[/color]
gas: 2.33 umol, 4.69 ug, 7.76 uL
[color=#7fbfff]H2O[/color]
gas: 300 mmol, 5.4 g, 999 mL
[color=#ffffff]O2[/color]
gas: 99.7 mol, 3.19 kg, 332 L

First frame where CO appears...

Thermodynamics:
Mass: 6.41 kg
U: -15.7 MJ
T: 482 K
V: 1 kL
P: 1.2 MPa
S: 63.1 kJ/K
H = U + PV: -14.5 MJ
G = H - TS: -44.9 MJ
A = U - TS: -46.1 MJ
Resources:
[color=#ff5f5f]CH4[/color]
gas: 198 mol, 3.18 kg, 660 L
[color=#6f5f9f]CO[/color]
gas: 1 umol, 28.1 ug, 3.35 uL
[color=#7f7f7f]CO2[/color]
gas: 2.01 mol, 88.5 g, 6.7 L
[color=#bf3f3f]H2[/color]
gas: 4.16 mmol, 8.38 mg, 13.9 mL
[color=#7fbfff]H2O[/color]
gas: 4.02 mol, 72.4 g, 13.4 L
[color=#ffffff]O2[/color]
gas: 96 mol, 3.07 kg, 320 L

Skipping ahead hundreds of steps...

Thermodynamics:
Mass: 6.41 kg
U: -15.7 MJ
T: 752 K
V: 1 kL
P: 1.44 MPa
S: 116 kJ/K
H = U + PV: -14.3 MJ
G = H - TS: -101 MJ
A = U - TS: -103 MJ
Resources:
[color=#ff5f5f]CH4[/color]
gas: 145 mol, 2.32 kg, 630 L
[color=#6f5f9f]CO[/color]
gas: 2.12 mol, 59.5 g, 9.25 L
[color=#7f7f7f]CO2[/color]
gas: 53.3 mol, 2.35 kg, 232 L
[color=#bf3f3f]H2[/color]
gas: 21.5 mol, 43.4 g, 93.6 L
[color=#7fbfff]H2O[/color]
gas: 6.82 mol, 123 g, 29.7 L
solid: 82.5 mol, 1.49 kg, 0 L
[color=#ffffff]O2[/color]
gas: 975 mmol, 31.2 g, 4.25 L
