Godot Engine v4.7.beta2.mono.official.777579205 - https://godotengine.org
D3D12 12_0 - Forward+ - Using Device #0: NVIDIA - NVIDIA GeForce RTX 4060 Laptop GPU

118 Elements: 1.19 ms
6 Species and 9 Species Phases: 36.30 ms
Formulas: 9.55 ms
3558 Nuclides: 10.62 ms
Thermodynamics:
Mass: 6.41 kg
U: -15.7 MJ
T: 293 K
V: 1 kL
P: 100 kPa
S: 57.6 kJ/K
H = U + PV: -15.6 MJ
G = H - TS: -32.5 MJ
A = U - TS: -32.6 MJ
Resources:
[color=#ff5f5f]CH4[/color]
gas: 200 mol, 3.21 kg, 4.87 kL
[color=#ffffff]O2[/color]
gas: 100 mol, 3.2 kg, 2.44 kL
Now with 67% fewer phases!
Considering 6 gas species
Species 0: C = [C:1]
Species 1: CH4 = [C:1, H:4]
Species 2: CO2 = [C:1, O:2]
Species 3: H2 = [H:2]
Species 4: H2O = [H:2, O:1]
Species 5: O2 = [O:2]
vec_mu = [675177.2747184654, -124386.17622052049, -451331.4700466626, -33460.86699396984, -292331.70849699905, -55291.192635720035]
Selecting j = 2 (CO2) with specificMu = -451331.4700466626 as dominant species.
Selecting j = 4 (H2O) with specificMu = -292331.70849699905 as dominant species.
Selecting j = 1 (CH4) with specificMu = -124386.17622052049 as dominant species.
reactionStep = 0
vec_lambda = [-13.216939114186156, 1.8351166859735883, -93.50275160140004]
vec_x = [3.720075976020836E-44, 1, 1, 3.0338025264302543E-06, 1.0000000000000142, 3.720075976020836E-44]
vec_n = [3.720075976020836E-50, 1E-06, 1E-06, 3.0338025264302544E-12, 1.0000000000000141E-06, 3.720075976020836E-50]
vec_p = [0.8, 0.2, 0.2]
vec_F = [-0.7999939999939324, -0.199998, -0.199997, 2.0000030338025407]
J = 
[2.0000012135210163E-05, 4E-06, 2.0000000000000283E-06, 6.0000060676050815]
[4E-06, 2E-06, 2E-06, 2]
[2.0000000000000283E-06, 2E-06, 5.000000000000014E-06, 3.000000000000014]
[6.0000060676050815, 2, 3.000000000000014, 0]
delta_x = [12499.771710480043, 0.18960733318363054, -25000.361774752797, 0.09999962874528623]
damped delta_x = [4.9998363316099015, 7.584183576699677E-05, -10, 3.999927266903521E-05]
reactionStep = 1
vec_lambda = [-8.217102782576255, 1.8351925278093553, -103.50275160140004]
vec_x = [3.720075976020836E-44, 484884447.6636898, 2.0613099500411206E-09, 0.06680207722045556, 0.9996727167886506, 3.720075976020836E-44]
vec_n = [1.5252040929040555E-48, 19879.90968273815, 8.451220869713125E-14, 2.738836578819403E-06, 4.09858542954131E-05, 1.5252040929040555E-48]
vec_p = [0.8, 0.2, 0.2]
vec_F = [79518.83881840199, 19879.70968273815, -0.19995901414553557, 484884447.7301646]
J = 
[318078.5550987091, 79519.6387309526, 8.19717085908262E-05, 1939537792.7877088]
[79519.6387309526, 19879.90968273815, 1.690244173942625E-13, 484884447.6636898]
[8.19717085908262E-05, 1.690244173942625E-13, 4.0985854633461935E-05, 0.9996727209112705]
[1939537792.7877088, 484884447.6636898, 0.9996727209112705, 0]
delta_x = [-36854.618734322474, 147417.47493738623, 78587.96842092372, 4.2122543610340386E-10]
damped delta_x = [-2.5000169586391316, 10, 5.330980499720471, 2.857364340844355E-14]
reactionStep = 2
vec_lambda = [-10.717119741215386, 11.835192527809355, -98.17177110167957]
vec_x = [3.720075976020836E-44, 484851556.85779595, 1.9387372154750653, 0.00045009358953183127, 1.391829746192328, 3.720075976020836E-44]
vec_n = [1.5252040939670167E-48, 19878.56119747298, 7.948681578626506E-05, 1.8453509816661175E-08, 5.706400731278296E-05, 1.5252040939670167E-48]
vec_p = [0.8, 0.2, 0.2]
vec_F = [79513.44490405683, 19878.361276959797, -0.1997839623611147, 484851559.188813]
J = 
[318056.97938789753, 79514.24478989192, 0.00011412801462556592, 1939406230.2157435]
[79514.24478989192, 19878.561276959797, 0.0001589736315725301, 484851558.79653317]
[0.00011412801462556592, 0.0001589736315725301, 0.0003750112704578432, 5.269304177142459]
[1939406230.2157435, 484851558.79653317, 5.269304177142459, 0]
delta_x = [359.13999000793456, -1437.5599675757476, 1032.8494070355496, 6.185959952791313E-10]
damped delta_x = [2.498260928993286, -10, 7.184739630565199, 4.303096978432911E-12]
reactionStep = 3
vec_lambda = [-8.2188588122221, 1.8351925278093546, -90.98703147111436]
vec_x = [3.720075976020836E-44, 481490495.5195176, 153.16505065649628, 0.06656787586969512, 271544.34387628594, 3.720075976020836E-44]
vec_n = [1.5252042540454935E-48, 19740.76219901181, 0.0062796563386928305, 2.7292347821302316E-06, 11.133121772558765, 1.5252042540454935E-48]
vec_p = [0.8, 0.2, 0.2]
vec_F = [78984.51504505082, 19740.56847866815, 10.945681085236151, 481762192.0950125]
J = 
[315896.7276821961, 78963.04879604724, 22.26624354511753, 1926505070.8989587]
[78963.04879604724, 19740.76847866815, 0.012559312677385661, 481490648.6845683]
[22.26624354511753, 0.012559312677385661, 11.158240397913536, 271850.67397759896]
[1926505070.8989587, 481490648.6845683, 271850.67397759896, 0]
delta_x = [-1.2430138065145544, 3.9720476383659946, 1.4949948215912872, 6.226244588773506E-10]
damped delta_x = [-1.2430138065145544, 3.9720476383659946, 1.4949948215912872, 6.226244588773506E-10]
reactionStep = 4
vec_lambda = [-9.461872618736654, 5.807240166175349, -89.49203664952307]
vec_x = [3.720075976020836E-44, 177129110.4148083, 161708.94846533632, 0.005541108127950129, 100795.39436740271, 3.720075976020836E-44]
vec_n = [1.525227416148409E-48, 7262.275747701857, 6.630050655569721, 2.271848770581396E-07, 4.132601051742403, 1.525227416148409E-48]
vec_p = [0.8, 0.2, 0.2]
vec_F = [29056.56819336528, 7268.705798357427, 17.192702362881846, 177391613.76318216]
J = 
[116212.94236834542, 29049.102990807427, 8.265202103484807, 708718032.4590502]
[29049.102990807427, 7268.905798357427, 13.260101311139442, 177290819.36327365]
[8.265202103484807, 13.260101311139442, 30.652803674021285, 424213.29129807535]
[708718032.4590502, 177290819.36327365, 424213.29129807535, 0]
delta_x = [-0.2449009510017529, -0.020416783921278936, -0.4860415171627406, 1.6909426543148387E-09]
damped delta_x = [-0.2449009510017529, -0.020416783921278936, -0.4860415171627406, 1.6909426543148387E-09]
reactionStep = 5
vec_lambda = [-9.706773569738408, 5.78682338225407, -89.97807816668582]
vec_x = [3.720075976020836E-44, 65160816.61456488, 59937.25629960335, 0.0033953016280458548, 37987.19938272718, 3.720075976020836E-44]
vec_n = [1.5252903204998605E-48, 2671.6971238951282, 2.457522842554768, 1.392127672073855E-07, 1.5575355959086874, 1.5252903204998605E-48]
vec_p = [0.8, 0.2, 0.2]
vec_F = [10689.103567050757, 2673.954646737683, 6.2725812810182235, 65258740.073642515]
J = 
[42753.384125262535, 10686.788495580513, 3.115071191817375, 260719240.86381558]
[10686.788495580513, 2674.154646737683, 4.915045685109536, 65220753.87086448]
[3.115071191817375, 4.915045685109536, 11.38762696612776, 157861.71198193388]
[260719240.86381558, 65220753.87086448, 157861.71198193388, 0]
delta_x = [-0.2365132280947202, -0.05400304791207716, -0.46288167959858345, 4.596457703357506E-09]
damped delta_x = [-0.2365132280947202, -0.05400304791207716, -0.46288167959858345, 4.596457703357506E-09]
reactionStep = 6
vec_lambda = [-9.943286797833128, 5.7328203343419935, -90.4409598462844]
vec_x = [3.720075976020836E-44, 23969983.39766343, 22500.372837250237, 0.0021156585721494414, 14899.700451744424, 3.720075976020836E-44]
vec_n = [1.5254613122186313E-48, 982.917622203253, 0.9226544967082669, 8.675509109170963E-08, 0.6109799033484922, 1.5254613122186313E-48]
vec_p = [0.8, 0.2, 0.2]
vec_F = [3932.092448793219, 983.6402766999612, 2.256288896765026, 24007382.47306808]
J = 
[15729.125875212461, 3931.670488813012, 1.2219598066969843, 95909732.99578853]
[3931.670488813012, 983.8402766999612, 1.8453089934165339, 23992483.77050068]
[1.2219598066969843, 1.8453089934165339, 4.30159789018156, 59900.4461262449]
[95909732.99578853, 23992483.77050068, 59900.4461262449, 0]
delta_x = [-0.21591316759405124, -0.1364994194160358, -0.404806898675972, 1.2494448575454611E-08]
damped delta_x = [-0.21591316759405124, -0.1364994194160358, -0.404806898675972, 1.2494448575454611E-08]
reactionStep = 7
vec_lambda = [-10.15919996542718, 5.596320914925958, -90.84576674496037]
vec_x = [3.720075976020836E-44, 8816723.061666183, 8735.70511122476, 0.0013737439331709842, 6454.050221000693, 3.720075976020836E-44]
vec_n = [1.525926115198423E-48, 361.65035491181783, 0.3583271054089768, 5.6349164821714944E-08, 0.26473663023305816, 1.525926115198423E-48]
vec_p = [0.8, 0.2, 0.2]
vec_F = [1446.3308930204357, 361.80868201722683, 0.7813908410510118, 8831911.81837215]
J = 
[5787.464625335414, 1446.6014196472713, 0.5294732604661163, 35279800.34985422]
[1446.6014196472713, 362.0086820172268, 0.7166542108179536, 8825458.766777407]
[0.5294732604661163, 0.7166542108179536, 1.6980450518689651, 23925.46044345021]
[35279800.34985422, 8825458.766777407, 23925.46044345021, 0]
delta_x = [-0.17316386051739854, -0.30775778334589143, -0.276766436742082, 3.3963084389943586E-08]
damped delta_x = [-0.17316386051739854, -0.30775778334589143, -0.276766436742082, 3.3963084389943586E-08]
reactionStep = 8
vec_lambda = [-10.332363825944578, 5.288563131580066, -91.12253318170245]
vec_x = [3.720075976020836E-44, 3242151.13679327, 3691.8511761865616, 0.0009716225134873668, 3461.194349416222, 3.720075976020836E-44]
vec_n = [1.527189567741529E-48, 133.0988782236712, 0.15156025409882196, 3.988767369122137E-08, 0.14209118137443053, 1.527189567741529E-48]
vec_p = [0.8, 0.2, 0.2]
vec_F = [531.879695337209, 133.05043847777003, 0.24521168957207445, 3249303.1832904946]
J = 
[2130.1504164637877, 532.3955128946848, 0.28418236274886105, 12975526.937815158]
[532.3955128946848, 133.25043847777002, 0.3031205081976439, 3245842.9879694562]
[0.28418236274886105, 0.3031205081976439, 0.7483321977697184, 10844.896701789345]
[12975526.937815158, 3245842.9879694562, 10844.896701789345, 0]
delta_x = [-0.11571569763234255, -0.5382589216901283, -0.0670439630777015, 9.231482988640813E-08]
damped delta_x = [-0.11571569763234255, -0.5382589216901283, -0.0670439630777015, 9.231482988640813E-08]
reactionStep = 9
vec_lambda = [-10.44807952357692, 4.750304209889937, -91.18957714478016]
vec_x = [3.720075976020836E-44, 1191383.609041916, 1884.7235610336315, 0.0007708825082379443, 2568.028178891797, 3.720075976020836E-44]
vec_n = [1.5306237495504377E-48, 49.0194302100043, 0.07754687437704075, 3.171792949465825E-08, 0.10566141512870351, 1.5306237495504377E-48]
vec_p = [0.8, 0.2, 0.2]
vec_F = [195.48904373371047, 48.89697708438134, 0.06075516388278501, 1195835.361552724]
J = 
[784.7335291474553, 196.0777208400172, 0.21132283025740703, 4770670.494067213]
[196.0777208400172, 49.096977084381344, 0.1550937487540815, 1193268.3326029496]
[0.21132283025740703, 0.1550937487540815, 0.4158489126368665, 6337.47530095906]
[4770670.494067213, 1193268.3326029496, 6337.47530095906, 0]
delta_x = [-0.09513323415461733, -0.622503450442378, 0.1305892241868996, 2.508360488374088E-07]
damped delta_x = [-0.09513323415461733, -0.622503450442378, 0.1305892241868996, 2.508360488374088E-07]
reactionStep = 10
vec_lambda = [-10.543212757731538, 4.12780075944756, -91.05898792059325]
vec_x = [3.720075976020836E-44, 436956.7501591867, 1313.185882466877, 0.0006373184835772495, 2419.2585640512325, 3.720075976020836E-44]
vec_n = [1.5399550411424383E-48, 18.08817224449847, 0.054360374161633036, 2.6382305574517724E-08, 0.1001471326271871, 1.5399550411424383E-48]
vec_p = [0.8, 0.2, 0.2]
vec_F = [71.75298329601286, 17.942532618660103, 0.008867880950453155, 440688.19524302334]
J = 
[289.8113445480135, 72.35268897799388, 0.2002942652543742, 1752665.5190394863]
[72.35268897799388, 18.142532618660102, 0.10872074832326607, 438269.9360416536]
[0.2002942652543742, 0.10872074832326607, 0.3175886292737192, 5045.630328984987]
[1752665.5190394863, 438269.9360416536, 5045.630328984987, 0]
delta_x = [-0.11841486507600286, -0.5344905119060879, 0.2189177790149982, 6.806579733291644E-07]
damped delta_x = [-0.11841486507600286, -0.5344905119060879, 0.2189177790149982, 6.806579733291644E-07]
reactionStep = 11
vec_lambda = [-10.661627622807542, 3.5933102475414715, -90.84007014157825]
vec_x = [3.720075976020836E-44, 159442.64229277108, 1192.2010281842668, 0.0005029243567988955, 2376.3107110554147, 3.720075976020836E-44]
vec_n = [1.5652760348871266E-48, 6.708780910085299, 0.0501635910183941, 2.116127326787491E-08, 0.09998672692269214, 1.5652760348871266E-48]
vec_p = [0.8, 0.2, 0.2]
vec_F = [26.235097136509125, 6.558944501103692, 0.00031390895948033015, 163010.1545349351]
J = 
[107.74044155370063, 26.835123640341195, 0.19997345384538429, 642523.1915990439]
[26.835123640341195, 6.758944501103692, 0.1003271820367882, 160634.84332095535]
[0.19997345384538429, 0.1003271820367882, 0.30064109099626857, 4760.712767423948]
[642523.1915990439, 160634.84332095535, 4760.712767423948, 0]
delta_x = [-0.13269747024002776, -0.49058382228514785, 0.22179514727333183, 1.8401067868680728E-06]
damped delta_x = [-0.13269747024002776, -0.49058382228514785, 0.22179514727333183, 1.8401067868680728E-06]
reactionStep = 12
vec_lambda = [-10.79432509304757, 3.1027264252563236, -90.61827499430493]
vec_x = [3.720075976020836E-44, 57415.28429835572, 1137.4713383730257, 0.00038569420258650596, 2274.930199491795, 3.720075976020836E-44]
vec_n = [1.6337294053985347E-48, 2.5214817891400814, 0.04995382850448618, 1.693836266568189E-08, 0.09990710905088471, 1.6337294053985347E-48]
vec_p = [0.8, 0.2, 0.2]
vec_F = [9.48574140853882, 2.3714356176445675, -0.0001852339401429426, 60826.686221914744]
J = 
[40.743337130198285, 10.085927156560325, 0.19981421810176941, 234210.99836379488]
[10.085927156560325, 2.5714356176445676, 0.09990765700897236, 58552.75563672875]
[0.19981421810176941, 0.09990765700897236, 0.29972242306882946, 4549.872876237847]
[234210.99836379488, 58552.75563672875, 4549.872876237847, 0]
delta_x = [-0.14551867375430022, -0.47072311299843167, 0.1796804150028652, 4.9312428110876085E-06]
damped delta_x = [-0.14551867375430022, -0.47072311299843167, 0.1796804150028652, 4.9312428110876085E-06]
reactionStep = 13
vec_lambda = [-10.93984376680187, 2.632003312257892, -90.43859457930206]
vec_x = [3.720075976020836E-44, 20035.640985023747, 1017.5984511065135, 0.0002883016958029665, 2035.1966291432595, 3.720075976020836E-44]
vec_n = [1.8171753845330595E-48, 0.9786970439853976, 0.04970744868140207, 1.4082904443598773E-08, 0.09941488402394594, 1.8171753845330595E-48]
vec_p = [0.8, 0.2, 0.2]
vec_F = [3.313617972155291, 0.8284044926667997, -0.0011702186132499515, 23087.436353575216]
J = 
[16.056812296193762, 3.9147881759415903, 0.19882976804789187, 84212.9577749849]
[3.9147881759415903, 1.0284044926667997, 0.09941489736280414, 21053.23943613026]
[0.19882976804789187, 0.09941489736280414, 0.2982446787495542, 4070.3935313562865]
[84212.9577749849, 21053.23943613026, 4070.3935313562865, 0]
delta_x = [-0.17159536652856794, -0.42631027102940655, 0.08311953370982135, 1.2991402020554013E-05]
damped delta_x = [-0.17159536652856794, -0.42631027102940655, 0.08311953370982135, 1.2991402020554013E-05]
reactionStep = 14
vec_lambda = [-11.111439133330437, 2.2056930412284856, -90.35547504559224]
vec_x = [3.720075976020836E-44, 6585.175588076039, 784.5650335855275, 0.00020455088146350634, 1569.1298633235458, 3.720075976020836E-44]
vec_n = [2.3004654100479748E-48, 0.40722202334333213, 0.0485168779705193, 1.2649263897694766E-08, 0.09703374333527068, 2.3004654100479748E-48]
vec_p = [0.8, 0.2, 0.2]
vec_F = [1.0229556053423976, 0.2557389013138514, -0.005932500723690726, 8937.870689535996]
J = 
[6.903687397431452, 1.6288880933733285, 0.19406748667054136, 29478.96248805301]
[1.6288880933733285, 0.4557389013138514, 0.0970337559410386, 7369.740621661567]
[0.19406748667054136, 0.0970337559410386, 0.29110125521734787, 3138.2599304946007]
[29478.96248805301, 7369.740621661567, 3138.2599304946007, 0]
delta_x = [-0.21078685087692278, -0.33110991265466727, -0.090463776845185, 3.355436926010061E-05]
damped delta_x = [-0.21078685087692278, -0.33110991265466727, -0.090463776845185, 3.355436926010061E-05]
reactionStep = 15
vec_lambda = [-11.32222598420736, 1.8745831285738184, -90.44593882243743]
vec_x = [3.720075976020836E-44, 2035.1381092260976, 470.16890407832335, 0.00013418816775283317, 940.3376744733533, 3.720075976020836E-44]
vec_n = [3.548713439798298E-48, 0.1941390984111422, 0.04485109227964429, 1.2800688949254958E-08, 0.08970217180676139, 3.548713439798298E-48]
vec_p = [0.8, 0.2, 0.2]
vec_F = [0.15596076285946947, 0.03899019069078649, -0.020595643633950056, 3444.6448219659424]
J = 
[3.465034313008077, 0.7765563936445689, 0.17940434361352278, 10021.228054227433]
[0.7765563936445689, 0.2389901906907865, 0.08970218455928858, 2505.307013304421]
[0.17940434361352278, 0.08970218455928858, 0.26910654092533853, 1880.67548263]
[10021.228054227433, 2505.307013304421, 1880.67548263, 0]
delta_x = [-0.24217408828265496, -0.17107909814342093, -0.3132690331180604, 8.703874922158522E-05]
damped delta_x = [-0.24217408828265496, -0.17107909814342093, -0.3132690331180604, 8.703874922158522E-05]
reactionStep = 16
vec_lambda = [-11.564400072490015, 1.7035040304303974, -90.75920785555549]
vec_x = [3.720075976020836E-44, 651.0220491137419, 211.76450592530028, 8.267314946158197E-05, 423.5289324520431, 3.720075976020836E-44]
vec_n = [6.786621039419512E-48, 0.11876746507654062, 0.038632690853055617, 1.5082254748226776E-08, 0.07726536722124791, 6.786621039419512E-48]
vec_p = [0.8, 0.2, 0.2]
vec_F = [-0.17039937508683223, -0.042599844070403764, -0.04546925107264088, 1285.3155701642347]
J = 
[2.2093409704386606, 0.4750698603061625, 0.15453073444249582, 3451.146226705353]
[0.4750698603061625, 0.15740015592959625, 0.07726538170611123, 862.7865550390422]
[0.15453073444249582, 0.07726538170611123, 0.23179613063347038, 847.0579443026436]
[3451.146226705353, 862.7865550390422, 847.0579443026436, 0]
delta_x = [-0.2497578790707177, -0.015634277525610862, -0.4838813761554263, 0.00023308244729342868]
damped delta_x = [-0.2497578790707177, -0.015634277525610862, -0.4838813761554263, 0.00023308244729342868]
reactionStep = 17
vec_lambda = [-11.814157951560732, 1.6878697529047866, -91.24308923171091]
vec_x = [3.720075976020836E-44, 236.01083557686073, 79.20803980117732, 5.0168087490368904E-05, 158.41603335604898, 3.720075976020836E-44]
vec_n = [1.545746516550378E-47, 0.09806598825201875, 0.03291211050383337, 2.0845581375243933E-08, 0.06582420179164365, 1.545746516550378E-47]
vec_p = [0.8, 0.2, 0.2]
vec_F = [-0.27608760171747504, -0.06902190124414789, -0.06835157720068963, 472.6349589021745]
J = 
[1.8323527025812, 0.392263953008075, 0.1316484035832873, 1260.8755093557158]
[0.392263953008075, 0.13097809875585212, 0.06582422100766674, 315.21887537803804]
[0.1316484035832873, 0.06582422100766674, 0.19747264380697716, 316.8321129584036]
[1260.8755093557158, 315.21887537803804, 316.8321129584036, 0]
delta_x = [-0.24946779217670687, 0.005192323199625953, -0.5041277102933024, 0.0006325219468856404]
damped delta_x = [-0.24946779217670687, 0.005192323199625953, -0.5041277102933024, 0.0006325219468856404]
reactionStep = 18
vec_lambda = [-12.06362574373744, 1.6930620761044126, -91.74721694200421]
vec_x = [3.720075976020836E-44, 87.46151533991947, 29.049890354599913, 3.046088899923587E-05, 58.09975228742467, 3.720075976020836E-44]
vec_n = [3.8987762154655764E-47, 0.09166287946102576, 0.03044535173648363, 3.192413012467266E-08, 0.06089067368590331, 3.8987762154655764E-47]
vec_p = [0.8, 0.2, 0.2]
vec_F = [-0.31156707093583014, -0.07789176880249062, -0.07821862284112943, 173.61118844283305]
J = 
[1.710168893816546, 0.36665151784410305, 0.12178134737180663, 466.04562685630526]
[0.36665151784410305, 0.1221082311975094, 0.06089070347296726, 116.51140569451938]
[0.12178134737180663, 0.06089070347296726, 0.18267208063183782, 116.1995329966245]
[466.04562685630526, 116.51140569451938, 116.1995329966245, 0]
delta_x = [-0.24856701455484223, -0.0029278454187803005, -0.4942058669469105, 0.0017121010403238165]
damped delta_x = [-0.24856701455484223, -0.0029278454187803005, -0.4942058669469105, 0.0017121010403238165]
reactionStep = 19
vec_lambda = [-12.312192758292282, 1.6901342306856324, -92.24142280895113]
vec_x = [3.720075976020836E-44, 32.26564262516941, 10.779812042949267, 1.8528489188887897E-05, 21.559606710290026, 3.720075976020836E-44]
vec_n = [1.0267922164094485E-46, 0.08905761849630385, 0.029753766244034228, 5.114118260919667E-08, 0.05950748452899535, 1.0267922164094485E-46]
vec_p = [0.8, 0.2, 0.2]
vec_F = [-0.3247544546744287, -0.08118861525966194, -0.08098498298293622, 63.605079906897885]
J = 
[1.6629520386215735, 0.3562304739852154, 0.1190149690579907, 172.1818209782361]
[0.3562304739852154, 0.11881138474033807, 0.059507532488068456, 43.04545466811868]
[0.1190149690579907, 0.059507532488068456, 0.17852254950513224, 43.11923079618856]
[172.1818209782361, 43.04545466811868, 43.11923079618856, 0]
delta_x = [-0.24612990782836466, 0.0019215482461998334, -0.49418084933956175, 0.004600875322454489]
damped delta_x = [-0.24612990782836466, 0.0019215482461998334, -0.49418084933956175, 0.004600875322454489]
Species H2O: mus = [-313663.75509280514, -305970.00914462603, -306493.5637718188], n = [0.059179690036056457, 0, 0]
Liquid <-> Gas: P_sat = 2692.39125792031
Solid <-> Gas: P_sat = 3331.959382818111
Thermodynamics:
Mass: 6.41 kg
U: -15.7 MJ
T: 295 K
V: 1 kL
P: 737 kPa
S: 57.7 kJ/K
H = U + PV: -15 MJ
G = H - TS: -32 MJ
A = U - TS: -32.7 MJ
Resources:
[color=#ff5f5f]CH4[/color]
gas: 200 mol, 3.21 kg, 667 L
[color=#7f7f7f]CO2[/color]
gas: 29.6 mmol, 1.3 g, 98.7 mL
[color=#7fbfff]H2O[/color]
gas: 59.2 mmol, 1.07 g, 197 mL
[color=#ffffff]O2[/color]
gas: 99.9 mol, 3.2 kg, 333 L

Omitting solver prints after this...

Thermodynamics:
Mass: 6.41 kg
U: -15.7 MJ
T: 304 K
V: 1 kL
P: 758 kPa
S: 58 kJ/K
H = U + PV: -14.9 MJ
G = H - TS: -32.6 MJ
A = U - TS: -33.3 MJ
Resources:
[color=#ff5f5f]CH4[/color]
gas: 200 mol, 3.21 kg, 666 L
[color=#7f7f7f]CO2[/color]
gas: 100 mmol, 4.4 g, 333 mL
[color=#bf3f3f]H2[/color]
gas: 1.11 umol, 2.23 ug, 3.69 uL
[color=#7fbfff]H2O[/color]
gas: 200 mmol, 3.6 g, 666 mL
[color=#ffffff]O2[/color]
gas: 99.8 mol, 3.19 kg, 333 L
Thermodynamics:
Mass: 6.41 kg
U: -15.7 MJ
T: 309 K
V: 1 kL
P: 771 kPa
S: 58.1 kJ/K
H = U + PV: -14.9 MJ
G = H - TS: -32.9 MJ
A = U - TS: -33.7 MJ
Resources:
[color=#ff5f5f]CH4[/color]
gas: 200 mol, 3.21 kg, 666 L
[color=#7f7f7f]CO2[/color]
gas: 150 mmol, 6.59 g, 500 mL
[color=#bf3f3f]H2[/color]
gas: 2.33 umol, 4.69 ug, 7.76 uL
[color=#7fbfff]H2O[/color]
gas: 300 mmol, 5.4 g, 999 mL
[color=#ffffff]O2[/color]
gas: 99.7 mol, 3.19 kg, 332 L
Thermodynamics:
Mass: 6.41 kg
U: -15.7 MJ
T: 314 K
V: 1 kL
P: 784 kPa
S: 58.3 kJ/K
H = U + PV: -14.9 MJ
G = H - TS: -33.2 MJ
A = U - TS: -34 MJ
Resources:
[color=#ff5f5f]CH4[/color]
gas: 200 mol, 3.21 kg, 666 L
[color=#7f7f7f]CO2[/color]
gas: 200 mmol, 8.79 g, 666 mL
[color=#bf3f3f]H2[/color]
gas: 3.93 umol, 7.92 ug, 13.1 uL
[color=#7fbfff]H2O[/color]
gas: 399 mmol, 7.2 g, 1.33 L
[color=#ffffff]O2[/color]
gas: 99.6 mol, 3.19 kg, 332 L
Thermodynamics:
Mass: 6.41 kg
U: -15.7 MJ
T: 319 K
V: 1 kL
P: 796 kPa
S: 58.5 kJ/K
H = U + PV: -14.9 MJ
G = H - TS: -33.6 MJ
A = U - TS: -34.4 MJ
Resources:
[color=#ff5f5f]CH4[/color]
gas: 200 mol, 3.2 kg, 666 L
[color=#7f7f7f]CO2[/color]
gas: 250 mmol, 11 g, 832 mL
[color=#bf3f3f]H2[/color]
gas: 5.99 umol, 12.1 ug, 20 uL
[color=#7fbfff]H2O[/color]
gas: 499 mmol, 8.99 g, 1.66 L
[color=#ffffff]O2[/color]
gas: 99.5 mol, 3.18 kg, 332 L

Skipping ahead hundreds of steps...

Thermodynamics:
Mass: 6.41 kg
U: -15.7 MJ
T: 753 K
V: 1 kL
P: 1.43 MPa
S: 116 kJ/K
H = U + PV: -14.3 MJ
G = H - TS: -102 MJ
A = U - TS: -103 MJ
Resources:
[color=#ff5f5f]CH4[/color]
gas: 145 mol, 2.33 kg, 633 L
[color=#7f7f7f]CO2[/color]
gas: 54.9 mol, 2.42 kg, 239 L
[color=#bf3f3f]H2[/color]
gas: 21.4 mol, 43.2 g, 93.6 L
[color=#7fbfff]H2O[/color]
gas: 6.45 mol, 116 g, 28.1 L
solid: 81.9 mol, 1.47 kg, 0 L
[color=#ffffff]O2[/color]
gas: 969 mmol, 31 g, 4.23 L
